5.118586200861481306e-01
3.485642246205492567e-01
4.199180254816392566e-01
4.624580092039728973e-01
4.149896242630177756e-01
4.740207362776352462e-01
3.799810524927837441e-01
3.079852883326737456e-01
5.408217160843081794e-01
4.631635288178131415e-01
5.408217160843081794e-01
4.740296405619348064e-01
5.238033450045195272e-01
5.256319687098358617e-01
5.211300943918629747e-01
4.741893527119980245e-01
4.268224773177448639e-01
4.148256132373342453e-01
4.716908918205650059e-01
4.741893527119980245e-01
4.741893527119980245e-01
4.067557629354830451e-01
4.149896242630177756e-01
4.150069265979147715e-01
5.642698580923696250e-01
5.408217160843081794e-01
4.150069265979147715e-01
5.118586200861481306e-01
4.656525616161523162e-01
3.114682787641076533e-01
5.109225862667471363e-01
4.743945000489317443e-01
5.211300943918629747e-01
3.079343671657707726e-01
4.741893527119980245e-01
4.266871280945919720e-01
5.252127967566927458e-01
4.743945000489317443e-01
4.729513669128022069e-01
4.656723324512833107e-01
5.211300943918629747e-01
4.743945000489317443e-01
5.211300943918629747e-01
5.211781608638424990e-01
5.408217160843081794e-01
4.279335666865411447e-01
4.148256132373342453e-01
4.199180254816392566e-01
5.118586200861481306e-01
5.728616429610261518e-01
4.142934697527232979e-01
4.631635288178131415e-01
5.109225862667471363e-01
4.743945000489317443e-01
4.149896242630177756e-01
4.199180254816392566e-01
5.256319687098358617e-01
4.149896242630177756e-01
0.000000000000000000e+00
0.000000000000000000e+00
0.000000000000000000e+00
0.000000000000000000e+00
0.000000000000000000e+00
0.000000000000000000e+00
0.000000000000000000e+00
0.000000000000000000e+00
0.000000000000000000e+00
0.000000000000000000e+00
0.000000000000000000e+00
0.000000000000000000e+00
0.000000000000000000e+00
0.000000000000000000e+00
0.000000000000000000e+00
0.000000000000000000e+00
0.000000000000000000e+00
0.000000000000000000e+00
0.000000000000000000e+00
0.000000000000000000e+00
0.000000000000000000e+00
0.000000000000000000e+00
0.000000000000000000e+00
0.000000000000000000e+00
0.000000000000000000e+00
0.000000000000000000e+00
0.000000000000000000e+00
0.000000000000000000e+00
0.000000000000000000e+00
0.000000000000000000e+00
0.000000000000000000e+00
0.000000000000000000e+00
0.000000000000000000e+00
0.000000000000000000e+00
0.000000000000000000e+00
0.000000000000000000e+00
0.000000000000000000e+00
0.000000000000000000e+00
0.000000000000000000e+00
0.000000000000000000e+00
0.000000000000000000e+00
0.000000000000000000e+00
