4.878546222690295364e-01
4.306165145227681124e-01
5.277635802184824643e-01
4.354098971057095424e-01
5.204707886476324097e-01
4.764713697004191451e-01
4.928103345947914549e-01
5.126645873348906202e-01
4.875656101964561118e-01
4.296203914872740448e-01
5.126645873348906202e-01
4.278681663426222581e-01
4.633188588046024403e-01
5.274373951108713987e-01
5.360519313892354587e-01
4.921085001651303581e-01
4.346876287810649830e-01
5.291798486292085268e-01
4.328335560882651811e-01
5.126645873348906202e-01
5.273316533262187855e-01
4.764825792143722039e-01
4.168082921072890357e-01
4.216527869339584123e-01
5.326255028847743933e-01
4.305922192196708909e-01
4.191855739392577052e-01
4.166825043409904117e-01
5.126645873348906202e-01
4.150417720328699045e-01
5.391935830243254069e-01
4.168082921072890357e-01
4.940586785564006211e-01
4.306165145227681124e-01
3.128894543486068769e-01
5.186443589315341551e-01
3.799846131618817013e-01
4.150417720328699045e-01
3.101665892847558781e-01
5.241159927760885573e-01
5.186443589315341551e-01
5.186443589315341551e-01
4.306165145227681124e-01
4.885125545840335870e-01
5.290462027958844349e-01
4.928103345947914549e-01
4.673325767602579672e-01
4.925171864050180703e-01
4.885125545840335870e-01
4.306165145227681124e-01
4.251417189343720260e-01
4.760521965864047966e-01
4.346008372388810437e-01
5.360519313892354587e-01
4.928103345947914549e-01
2.684305582323313621e-01
4.306165145227681124e-01
4.364539466354591668e-01
4.304910806735978146e-01
5.360519313892354587e-01
4.290152112486574354e-01
5.291798486292085268e-01
5.291798486292085268e-01
5.166871010401059561e-01
4.157565768528979633e-01
5.062248284387513841e-01
4.259877620266691034e-01
5.360519313892354587e-01
5.204707886476324097e-01
4.760521965864047966e-01
3.127626989259763568e-01
4.760521965864047966e-01
4.275927578426858555e-01
4.330693982309924972e-01
3.799846131618817013e-01
4.306165145227681124e-01
5.241159927760885573e-01
3.310634510703611144e-01
4.762810532546088993e-01
5.175858613236625771e-01
3.799846131618817013e-01
4.861924583459786287e-01
4.168082921072890357e-01
4.166825043409904117e-01
5.273316533262187855e-01
5.186443589315341551e-01
5.360519313892354587e-01
5.277635802184824643e-01
4.179249340719150552e-01
5.274373951108713987e-01
5.126645873348906202e-01
4.306165145227681124e-01
5.234557805913849782e-01
4.866075526752150493e-01
4.928103345947914549e-01
5.277635802184824643e-01
5.360519313892354587e-01
4.885125545840335870e-01
4.640466581246697753e-01
3.812448442306206609e-01
