4.511691275736766537e-08,1.718253502207649143e-07,1.383703522510346673e-01,4.279359249481352045e-01,5.834396049441392380e-05,4.036086667870924264e-07,3.214773066331843237e-05,1.804946847011536188e-07,5.176346449639295717e-06,4.268925557823281476e-06,5.659336033771617284e-06,4.627100546915570827e-06,6.827970201919433409e-06,4.524607158694109383e-06,1.663632234056629870e-05,5.564671208327971170e-06,8.725642557591074475e-03,1.317694054427388057e-03
4.457800896731439825e-08,1.665915702081852292e-07,1.361327725465352745e-01,4.110874825302301416e-01,3.736503935774006122e-05,1.185810022310234740e-07,2.344895685430828088e-05,8.696349466240761216e-08,9.022288366655060912e-06,7.931850057085000410e-06,7.682781356110892786e-06,8.581557957198504696e-06,7.532184978897880333e-06,5.704298968344788388e-06,1.844395666245455902e-05,7.511555166860966214e-06,8.740659651936393340e-03,1.294727187932817603e-03
4.753072555125044391e-08,1.799867470831601241e-07,1.453086958177220445e-01,4.380192341346135776e-01,4.035303802917399193e-05,1.271529764881969875e-07,2.568679082690118528e-05,9.429138239001210169e-08,5.532206906176592404e-06,4.599997667018301111e-06,6.127646491399827269e-06,4.909759167989592604e-06,8.163941194579104590e-06,5.075678907894069737e-06,1.714089829401621690e-05,6.001210320728497024e-06,1.629032020987301183e-02,3.317621630317776470e-03
5.119077374468174294e-08,1.950539703800904356e-07,1.562382192717897689e-01,4.711020225958341134e-01,4.299302573969716418e-05,1.369287045755191629e-07,2.696720913002312802e-05,1.007574829352011312e-07,6.320315380602376548e-06,5.043506555151818195e-06,7.043210916894644632e-06,5.679117853669836025e-06,7.882251474073986478e-06,5.112631819799433391e-06,1.899264328397738672e-05,7.053547209080241907e-06,9.893785053864380397e-03,1.490697296983180915e-03
4.817255835003609615e-08,1.763164905201292429e-07,1.450635477848328803e-01,4.379055229497647583e-01,3.999670603230633044e-05,1.261490881239964932e-07,2.485346339893011305e-05,9.208709072076377867e-08,5.606135214634478117e-06,4.640314620767745954e-06,6.281829717359636480e-06,4.948844704901200188e-06,8.225959390928459878e-06,5.143920924207369001e-06,1.703270893874575705e-05,6.149830142690040728e-06,1.618220655408919920e-02,3.302367633089901312e-03
4.951115537229341235e-08,1.893901939663211158e-07,1.519740725073017162e-01,4.577945602681758319e-01,4.203491864806214551e-05,1.333597835438533109e-07,2.662894991503557033e-05,9.865309515544676240e-08,6.586493473006674512e-06,5.114000664170579254e-06,8.055515646288233031e-06,5.634546006646401577e-06,7.712888836449059639e-06,5.226824181284926664e-06,1.847109801846558719e-05,7.876617638299061850e-06,9.582524678725310580e-03,1.445712608854321816e-03
4.888548882653031033e-08,1.870935155861553313e-07,1.503903817262021714e-01,4.525904119603403886e-01,4.167947941969332829e-05,1.322156149390023026e-07,2.617847897920486957e-05,9.705247536488531987e-08,5.809715989067538934e-06,4.759740651248217614e-06,6.435008838978354701e-06,5.142177870470330351e-06,7.393115326426818528e-06,4.961783054013848372e-06,1.801766869088328513e-05,6.326219969228671373e-06,1.574357889235019486e-02,2.273269876842657147e-03
4.820540337084195628e-08,1.732261876057463831e-07,1.450583788174189814e-01,4.375631218464405281e-01,4.005865396482518557e-05,1.265260809551405067e-07,2.488761144883999620e-05,9.277382541597264724e-08,5.611651176415110430e-06,4.636546954363987275e-06,6.314292588846693765e-06,4.949291190552846340e-06,8.273691107366075052e-06,5.170000420418711984e-06,1.689965371748588339e-05,6.178511504077221901e-06,1.608615286944043224e-02,3.293688606495968809e-03
4.907386835291121266e-08,1.839241702787806793e-07,1.492579610550597846e-01,4.503859555820749483e-01,4.108602475614453491e-05,1.304572520786290385e-07,2.578924888068510036e-05,9.589375804571998692e-08,5.830676448381544339e-06,4.744154874644610528e-06,6.569072973479023844e-06,5.136014699941366685e-06,7.406352105542154604e-06,5.035080439213304241e-06,1.813155254862745786e-05,6.461236591481040527e-06,2.091279585677393443e-02,1.740334506789590176e-03
4.662977641118173108e-08,1.764103246154637614e-07,1.470480171324956564e-01,4.451321884126910877e-01,3.949651908926018530e-05,1.285116876415997262e-07,2.383319502195007321e-05,9.323926954844187070e-08,6.627646273181362789e-06,6.553626379913979363e-06,5.213538094525163443e-06,6.698084087146704264e-06,7.738241629160882903e-06,5.427535659590560678e-06,1.788600664042657923e-05,5.147113458751758398e-06,1.517458187572802430e-02,2.208188482504673620e-03
4.820540337084197613e-08,1.732261876057458007e-07,1.450583788174192590e-01,4.375631218464408057e-01,4.005865396482526011e-05,1.265260809551404537e-07,2.488761144883999281e-05,9.277382541597227667e-08,5.611651176415112124e-06,4.636546954363985580e-06,6.314292588846701388e-06,4.949291190552860739e-06,8.273691107366068276e-06,5.170000420418726384e-06,1.689965371748592744e-05,6.178511504077227830e-06,1.608615286944040448e-02,3.293688606495962304e-03
4.699303519176374342e-08,1.864885924191731787e-07,1.495533551769300251e-01,4.642295040312267584e-01,6.204482761718080580e-05,4.407726060705179537e-07,3.196721396535426481e-05,1.946518350248122671e-07,4.547715586947244665e-06,4.010141877528995072e-06,4.473056704007640305e-06,4.286722858841626850e-06,7.260912528447639057e-06,4.494360715313276424e-06,1.706756385381451104e-05,4.470973530422724034e-06,9.263356268887175046e-03,1.429009423664323207e-03
4.955320057671001005e-08,1.957001269773177509e-07,1.578532642825616339e-01,4.796251018083954043e-01,4.265236432789173932e-05,1.384475484565854587e-07,2.555107544172680953e-05,1.005316938718521388e-07,4.866662105475926210e-06,4.298938902006580090e-06,4.815784495220274195e-06,4.604383315265413594e-06,8.939930895534036167e-06,5.041239124972710774e-06,1.698336090066540106e-05,4.800300706322768930e-06,1.700498504467776867e-02,3.697324527805475203e-03
4.749059838503680159e-08,1.798985486972561246e-07,1.451957093596523141e-01,4.383894838624539658e-01,4.016690304855743575e-05,1.266578929766338325e-07,2.538395068513084216e-05,9.309180977474982176e-08,5.566977684480217032e-06,4.614108442957393216e-06,6.189092370891822166e-06,4.937291820767786781e-06,8.187991712673439265e-06,5.080662753620636501e-06,1.706811098700160539e-05,6.059980921559118968e-06,1.628588699634725759e-02,3.319003901705527577e-03
4.706200005103494092e-08,1.824019984241436358e-07,1.455887513990221926e-01,4.386082738724926267e-01,4.049149144324269077e-05,1.275488542452080172e-07,2.527988817331474407e-05,9.353975170222785986e-08,5.558930906139107724e-06,4.617747997673718360e-06,6.132793895639450954e-06,4.943987544487854701e-06,8.165777370166101140e-06,5.032771284139384280e-06,1.703402516950066595e-05,6.004245098486268010e-06,1.635310794802553522e-02,3.332444478654594203e-03
4.562479019969283397e-08,1.835924962409247507e-07,1.457099202645836533e-01,4.680590601814775265e-01,6.635765702715050170e-05,4.320837005771171272e-07,3.129551272888706886e-05,1.807756554257536956e-07,4.452117208200344325e-06,4.048837915085824439e-06,4.470958830786386234e-06,4.044013856620065411e-06,7.786163045814647253e-06,4.765515979869258236e-06,1.707702088372306436e-05,4.398947269839466170e-06,9.044570176432320183e-03,1.567466142557319463e-03
5.106680339624717104e-08,1.948422280350032380e-07,1.561827490551748465e-01,4.712721161182925611e-01,4.292233653021275435e-05,1.369401105944475728e-07,2.699976194218291469e-05,1.007946066591146881e-07,6.333282406791728382e-06,5.057415842177335384e-06,7.047347845644780196e-06,5.688186215181401943e-06,7.864520798546960619e-06,5.104713126669944601e-06,1.900248718458279494e-05,7.060758800452590732e-06,9.887544068958153270e-03,1.489801760675489193e-03
4.753011072467274956e-08,1.798575512015067103e-07,1.452365617851255342e-01,4.386912360143208622e-01,4.015207910302553274e-05,1.266468718348516516e-07,2.505655459768619780e-05,9.302875432493298210e-08,5.588502631472548520e-06,4.620911132895203103e-06,6.218572236713900261e-06,4.959882010516903874e-06,8.208589398560221171e-06,5.069866311762057570e-06,1.692357829333190222e-05,6.087773458944005979e-06,1.629778344923941275e-02,3.321347794499975026e-03
5.116096767958671305e-08,1.952884803071273329e-07,1.562223164594077618e-01,4.712510105630881019e-01,4.292260850653446065e-05,1.369384350718638053e-07,2.699985202584671655e-05,1.007929018349722233e-07,6.333305865845143627e-06,5.055981162905774279e-06,7.063032883817564598e-06,5.679209149764292043e-06,7.872162747368097923e-06,5.106397661548002177e-06,1.886846300267148378e-05,7.047444862656921447e-06,9.897055049857094236e-03,1.492814227897563744e-03
4.820540337084201583e-08,1.732261876057461978e-07,1.450583788174191480e-01,4.375631218464407501e-01,4.005865396482515846e-05,1.265260809551406125e-07,2.488761144883995893e-05,9.277382541597277959e-08,5.611651176415103654e-06,4.636546954363984733e-06,6.314292588846699694e-06,4.949291190552852269e-06,8.273691107366080134e-06,5.170000420418713678e-06,1.689965371748589017e-05,6.178511504077225289e-06,1.608615286944042877e-02,3.293688606495962738e-03
4.753112774261475028e-08,1.797826762884048240e-07,1.451850604471663364e-01,4.388614346926150156e-01,4.007118471704194473e-05,1.266483887905554520e-07,2.522926040141222704e-05,9.307240446395611380e-08,5.580572201000608850e-06,4.619692916598037587e-06,6.207086106497909299e-06,4.950731468411653036e-06,8.197462571017776403e-06,5.076682620308474241e-06,1.698699012879353935e-05,6.077186588660895838e-06,1.628573912638392115e-02,3.318560024765342033e-03
4.956661480107921862e-08,1.890322024813463905e-07,1.520124571521323242e-01,4.565468557150733631e-01,4.217481802166541961e-05,1.337626453319427234e-07,2.667866577850651152e-05,9.891454281167261941e-08,6.570800931067079012e-06,5.100603581486585799e-06,8.038128252752168386e-06,5.626373924601549983e-06,7.726842066312957703e-06,5.230460825101135549e-06,1.849286563453277871e-05,7.859879057568013163e-06,9.572011361947269092e-03,1.446527246470061777e-03
4.511288432196522154e-08,1.617118156655488886e-07,1.358049456579763781e-01,4.089481533289553994e-01,3.682431816789024634e-05,1.177656742327890516e-07,2.269664801351198831e-05,8.559597430876874088e-08,9.163672095487777609e-06,8.010552298593741699e-06,7.937732588403631831e-06,8.591567951172053921e-06,7.586018418880043074e-06,5.817585206315678926e-06,1.826466343736985021e-05,7.750952010168635125e-06,8.682579377073090798e-03,1.287506694814192837e-03
4.506504211284996169e-08,1.631702447840419753e-07,1.359345040036582242e-01,4.094259084033659568e-01,3.712020505299418042e-05,1.178593125909825539e-07,2.288700673918234204e-05,8.581847182320392107e-08,9.121658013083765100e-06,7.956346995356940389e-06,7.859850684944611309e-06,8.629198997892581263e-06,7.599928454990836223e-06,5.791373419319039590e-06,1.819383191204773699e-05,7.677642302034965002e-06,8.692577756090237237e-03,1.290100058874752917e-03
4.832287568636289899e-08,1.881486579711981035e-07,1.539980302188032335e-01,4.828038184209639261e-01,4.239372389692812429e-05,1.358162838029735202e-07,2.494350865156790537e-05,9.806769773070082134e-08,4.863374654203119831e-06,4.466506663849776972e-06,4.853387961660125638e-06,4.395250644059541526e-06,8.948006861448659727e-06,5.100116306454490938e-06,1.738963944941413365e-05,4.775301488968679732e-06,1.940307623214498206e-02,3.679067817270528437e-03
4.452746376580639618e-08,1.667413879740749174e-07,1.361066976067217826e-01,4.111983564339196651e-01,3.721481474328211075e-05,1.179508926536997157e-07,2.333353631888098384e-05,8.623999237988222721e-08,9.061965600513015201e-06,7.963734925532345001e-06,7.727450193282694896e-06,8.597313956934999918e-06,7.527936908518454477e-06,5.710078306992048003e-06,1.845457631531329212e-05,7.554323033138017926e-06,8.745860527664147885e-03,1.294047390207921306e-03
4.841908087442938489e-08,1.802214936583661500e-07,1.505387941472923763e-01,4.555418930199093830e-01,4.037076745891570118e-05,1.317503187785217335e-07,2.439548088788758831e-05,9.565089425965686469e-08,7.291510029731331047e-06,7.448712234011899599e-06,5.367682263664052664e-06,7.790039574213131849e-06,8.161452835473808872e-06,6.087056218379734954e-06,1.978696253924557707e-05,5.292662186880807541e-06,9.522806089864395418e-03,1.428177055245287387e-03
4.512523946594583179e-08,1.617562834105842164e-07,1.358143350686759621e-01,4.089415728131881589e-01,3.682396232051310105e-05,1.177637470127384527e-07,2.269417845672068709e-05,8.559462489983936917e-08,9.169805246411057929e-06,7.986535979293589102e-06,7.950764217099240362e-06,8.613056722309116297e-06,7.554104068034598072e-06,5.800315650252890148e-06,1.832872513705319491e-05,7.763374689054937765e-06,8.680927144268924672e-03,1.287532806254923588e-03
4.820540337084189672e-08,1.732261876057462243e-07,1.450583788174190925e-01,4.375631218464406946e-01,4.005865396482522622e-05,1.265260809551400037e-07,2.488761144883996232e-05,9.277382541597177374e-08,5.611651176415123136e-06,4.636546954363989816e-06,6.314292588846725105e-06,4.949291190552862433e-06,8.273691107366075052e-06,5.170000420418731466e-06,1.689965371748592744e-05,6.178511504077236300e-06,1.608615286944043224e-02,3.293688606495962304e-03
4.824409338636849868e-08,1.817162790693977174e-07,1.505619606216180573e-01,4.558472320646564935e-01,4.042398068614408370e-05,1.318153015987645988e-07,2.433402256564146809e-05,9.566952705184270495e-08,7.190550194671571540e-06,7.301859931312760080e-06,5.387054627161477835e-06,7.605386091425133147e-06,8.230369270266729535e-06,6.228196976177534692e-06,2.015454058511553789e-05,5.312932905910742344e-06,9.489672668948692658e-03,1.427065163318534625e-03
4.690452331468249298e-08,1.815077581651471077e-07,1.452998156994540491e-01,4.377188331627677731e-01,4.044415036383173834e-05,1.273835612372443134e-07,2.517614883703051039e-05,9.342862521565174148e-08,5.554810117657951386e-06,4.623986396919511331e-06,6.105360806516355034e-06,4.935928416106810212e-06,8.117087903376572660e-06,4.957200291234490956e-06,1.715973760505032407e-05,5.984417604115859442e-06,1.283048914154606181e-02,4.432310885758513480e-03
4.511288432196520169e-08,1.617118156655487562e-07,1.358049456579764613e-01,4.089481533289545112e-01,3.682431816789026667e-05,1.177656742327890516e-07,2.269664801351204591e-05,8.559597430876886000e-08,9.163672095487760669e-06,8.010552298593775580e-06,7.937732588403633525e-06,8.591567951172065780e-06,7.586018418880025286e-06,5.817585206315665373e-06,1.826466343736986037e-05,7.750952010168635125e-06,8.682579377073106411e-03,1.287506694814189367e-03
5.031773665074854940e-08,1.964310863821628840e-07,1.594208269683723700e-01,5.030457540740249645e-01,4.401312527920486377e-05,1.409970297030254360e-07,2.593906221913403685e-05,1.018747819820507306e-07,5.049632154763364163e-06,4.560648595605718552e-06,5.102453635213636437e-06,4.554410798734630365e-06,8.378443340910215882e-06,5.190832344990333915e-06,1.836833637268710739e-05,5.026091833016728432e-06,1.646903160692892235e-02,2.594501593321610951e-03
4.457800895562985668e-08,1.665915701658892478e-07,1.361327725096629360e-01,4.110874824584547782e-01,3.736503936294531585e-05,1.185810023674509283e-07,2.344895686121051181e-05,8.696349482315197947e-08,9.022288364507773098e-06,7.931850055122985807e-06,7.682781354273890081e-06,8.581557955203100054e-06,7.532184976934080184e-06,5.704298966837049413e-06,1.844395665856197168e-05,7.511555165059276313e-06,8.740659649576187559e-03,1.294727187585627227e-03
5.879374421779995875e-08,1.311539609869356833e-07,1.819265650998153350e-01,5.437093828102502746e-01,4.929233311214721569e-05,1.594373179902801272e-07,3.083096746684997429e-05,1.181255792317429104e-07,1.359564709970464901e-05,1.199514050205096714e-05,8.077771360817331161e-06,1.235327561366794933e-05,1.020464126361520592e-05,3.566787752119712784e-06,4.371862431657228326e-06,9.974017790665006496e-06,1.150263786765122129e-02,1.840150212856184696e-04
4.342306243915776190e-08,1.709587885044651502e-07,1.387486245010658148e-01,4.294134705929973927e-01,6.085770269278962711e-05,4.084816346644108045e-07,2.948074433500557016e-05,1.715160530243855681e-07,4.041562731495355873e-06,3.657655988829821399e-06,3.985066686804360947e-06,3.775466037507136032e-06,7.635623024015692856e-06,4.436780967185323731e-06,1.517514835896585564e-05,3.931167099956329765e-06,1.479892138679601496e-02,3.227114258556824933e-03
4.822276986189405783e-08,1.858857970320639351e-07,1.527704175585728186e-01,4.627649959933325396e-01,4.102158499880680776e-05,1.338953560737625571e-07,2.479642956667860233e-05,9.724206901791329462e-08,7.207779275414178084e-06,6.952006623245590094e-06,5.592168645543527577e-06,7.520468364192736679e-06,8.248822156343957231e-06,5.554121332989457078e-06,1.869541495486136179e-05,5.596024202053135006e-06,9.665376879623979386e-03,1.456532536643344094e-03
4.824409338615633016e-08,1.817162790686049475e-07,1.505619606209243899e-01,4.558472320632929731e-01,4.042398068624476542e-05,1.318153016014535049e-07,2.433402256574850256e-05,9.566952705484038102e-08,7.190550194641979597e-06,7.301859931282339739e-06,5.387054627138801069e-06,7.605386091394778875e-06,8.230369270230085196e-06,6.228196976149470796e-06,2.015454058504570511e-05,5.312932905888343404e-06,9.489672668905014055e-03,1.427065163312057818e-03
5.815828015059443798e-08,1.317657751644692290e-07,1.831011602707516006e-01,5.470256706159974947e-01,4.959564692180603679e-05,1.604703076449233510e-07,3.102442409281286909e-05,1.189048614639007053e-07,1.315755255565532396e-05,1.216377341981140223e-05,7.978485938639508557e-06,1.148606287624808540e-05,1.103418658051494540e-05,3.606994625299209548e-06,4.318276063721480541e-06,9.809473172059338407e-06,1.157003055142252421e-02,1.851190534422287519e-04
4.851497018605402778e-08,1.872538526567458140e-07,1.534953813484302709e-01,4.683273933315869053e-01,4.160396742750284768e-05,1.348040114270975246e-07,2.487645503806752920e-05,9.785838479268959489e-08,4.583973915838516030e-06,4.124755067691113283e-06,4.538380458985721548e-06,4.281480052420103418e-06,8.729797168842217290e-06,4.949783206832524847e-06,1.654383509536180995e-05,4.486528607009471797e-06,2.199407203154558552e-02,5.164924359219479240e-03
4.342306243918303392e-08,1.709587885045692559e-07,1.387486245011519403e-01,4.294134705932113882e-01,6.085770269281939523e-05,4.084816346628936626e-07,2.948074433500791474e-05,1.715160530235583875e-07,4.041562731497500561e-06,3.657655988831891124e-06,3.985066686806288794e-06,3.775466037509227779e-06,7.635623024020327820e-06,4.436780967188046942e-06,1.517514835897505103e-05,3.931167099958262694e-06,1.479892138680484123e-02,3.227114258558785170e-03
4.342306243918311333e-08,1.709587885045690971e-07,1.387486245011517461e-01,4.294134705932112217e-01,6.085770269281931392e-05,4.084816346628932391e-07,2.948074433500792152e-05,1.715160530235583875e-07,4.041562731497502255e-06,3.657655988831887736e-06,3.985066686806297265e-06,3.775466037509228203e-06,7.635623024020336290e-06,4.436780967188047789e-06,1.517514835897502562e-05,3.931167099958259306e-06,1.479892138680486031e-02,3.227114258558788206e-03
4.457800895562979712e-08,1.665915701658893536e-07,1.361327725096630192e-01,4.110874824584538900e-01,3.736503936294541749e-05,1.185810023674509283e-07,2.344895686121057957e-05,8.696349482315209859e-08,9.022288364507766322e-06,7.931850055122994278e-06,7.682781354273876529e-06,8.581557955203108524e-06,7.532184976934065785e-06,5.704298966837039249e-06,1.844395665856197845e-05,7.511555165059284783e-06,8.740659649576170212e-03,1.294727187585624625e-03
4.507016461506292796e-08,1.711816762615511412e-07,1.379846871973382794e-01,4.291628255386802926e-01,5.621284810241552907e-05,3.419999663838294870e-07,3.350545067827254522e-05,2.175471538877898250e-07,5.156694165232050620e-06,4.247086069746361106e-06,5.649849797184004146e-06,4.611971450703263123e-06,6.835705531403865619e-06,4.521423040281436186e-06,1.662981481393421281e-05,5.555136589791302448e-06,8.700061964377215490e-03,1.315038094742069152e-03
4.760131359434884558e-08,1.798873020799575925e-07,1.452549043528357231e-01,4.387708609264062698e-01,4.012717626513126544e-05,1.266320866710205989e-07,2.518824873001597423e-05,9.302437394255963179e-08,5.570773258390086062e-06,4.608353146556471714e-06,6.203461303578236258e-06,4.944502944799234385e-06,8.214748872558501054e-06,5.085119299059123370e-06,1.698576509566535812e-05,6.073360180559893993e-06,1.629763599974538152e-02,3.321237471206221065e-03
4.888548882653023092e-08,1.870935155861557019e-07,1.503903817262023934e-01,4.525904119603383347e-01,4.167947941969326730e-05,1.322156149390025144e-07,2.617847897920490345e-05,9.705247536488545222e-08,5.809715989067539781e-06,4.759740651248221002e-06,6.435008838978330984e-06,5.142177870470337128e-06,7.393115326426833774e-06,4.961783054013851760e-06,1.801766869088324447e-05,6.326219969228681537e-06,1.574357889235020874e-02,2.273269876842656280e-03
4.472315965013257881e-08,1.716201806361989180e-07,1.421549852729583341e-01,4.309796838724045953e-01,3.818044796081968044e-05,1.236544592821441873e-07,2.300901975892786461e-05,8.968766878464735821e-08,6.320294765025250725e-06,6.343274495117790330e-06,4.992542512182074077e-06,6.408498504203976761e-06,8.680588786051306619e-06,5.571775424471912930e-06,1.687164270081367240e-05,4.911424834023761162e-06,1.567749507655490787e-02,3.232232515011895357e-03
5.041164714767253632e-08,1.975226775368753240e-07,1.593067102770398813e-01,5.010344604650218692e-01,4.397909180959090191e-05,1.410308353353193510e-07,2.591081050083411541e-05,1.018844015227865775e-07,5.033662123715197889e-06,4.546433406666084318e-06,5.089152552849446309e-06,4.543480759296372565e-06,8.420838813673701200e-06,5.214519499189116529e-06,1.835277983187456159e-05,5.011684005007770804e-06,1.607239510008727848e-02,2.669892723660579042e-03
4.507016461361835959e-08,1.711816762558494448e-07,1.379846871926413976e-01,4.291628255258850277e-01,5.621284810123397232e-05,3.419999664337734083e-07,3.350545067825893848e-05,2.175471539554527756e-07,5.156694165086707390e-06,4.247086069614275635e-06,5.649849797050466014e-06,4.611971450564870645e-06,6.835705531176664277e-06,4.521423040125250934e-06,1.662981481337089186e-05,5.555136589659003524e-06,8.700061964081328911e-03,1.315038094697336488e-03
4.457800896729081368e-08,1.665915702080997847e-07,1.361327725464603067e-01,4.110874825300839808e-01,3.736503935775066607e-05,1.185810022312997126e-07,2.344895685432227725e-05,8.696349466273278017e-08,9.022288366650724103e-06,7.931850057081012579e-06,7.682781356107165841e-06,8.581557957194459267e-06,7.532184978893910289e-06,5.704298968341735682e-06,1.844395666244671550e-05,7.511555166857309572e-06,8.740659651931624585e-03,1.294727187932115907e-03
5.188111612542694186e-08,1.910796636079115852e-07,1.558863153765867315e-01,4.703359200196965406e-01,4.279524325216419269e-05,1.363634494163616416e-07,2.669581654166888925e-05,9.965357896850638360e-08,6.352823327605522675e-06,5.073939638155321101e-06,7.149412526112496581e-06,5.659076581099408866e-06,7.884745584588840630e-06,5.171153303951673965e-06,1.897781809714499819e-05,7.133706620672013778e-06,9.880982144606580142e-03,1.486904106262414279e-03
4.949324441814466040e-08,1.895227878178522030e-07,1.520127699396729148e-01,4.578849263497214439e-01,4.201859256274810653e-05,1.333411749184971685e-07,2.665619627842329720e-05,9.872533299062758958e-08,6.577624944065086211e-06,5.112355666974451553e-06,8.046157953445323740e-06,5.623468096348045756e-06,7.707914798045658496e-06,5.233544598135664345e-06,1.859226571132875771e-05,7.863821577610850323e-06,9.564189699919529303e-03,1.444477963018679775e-03
5.119275894351778487e-08,1.955060110452008187e-07,1.562907062888958254e-01,4.711048876734384439e-01,4.299449180141139880e-05,1.369316702393942143e-07,2.696887443704280117e-05,1.007592915392196184e-07,6.322753961862888574e-06,5.043874904573330895e-06,7.060334394587062459e-06,5.672696837515473105e-06,7.887436448915281930e-06,5.114368904365562868e-06,1.886301927659995482e-05,7.044241933480436879e-06,9.901812733948111775e-03,1.493343099877653948e-03
4.706200005110292855e-08,1.824019984243970310e-07,1.455887513992390192e-01,4.386082738729022990e-01,4.049149144321034766e-05,1.275488542443845953e-07,2.527988817327104056e-05,9.353975170124237673e-08,5.558930906147124044e-06,4.617747997680642007e-06,6.132793895647842509e-06,4.943987544495013823e-06,8.165777370178074797e-06,5.032771284147086351e-06,1.703402516952219752e-05,6.004245098494507100e-06,1.635310794804920378e-02,3.332444478659337805e-03
4.888548882653237498e-08,1.870935155861643310e-07,1.503903817262092213e-01,4.525904119603520459e-01,4.167947941969233217e-05,1.322156149389758593e-07,2.617847897920340589e-05,9.705247536485327820e-08,5.809715989067800667e-06,4.759740651248446313e-06,6.435008838978637610e-06,5.142177870470578532e-06,7.393115326427163270e-06,4.961783054014080459e-06,1.801766869088394920e-05,6.326219969228963599e-06,1.574357889235089916e-02,2.273269876842758195e-03
7.253123714224653314e-08,1.599435978534959013e-07,2.192527922583600575e-01,6.917868739076044049e-01,9.269031104579096634e-05,6.947620393751367512e-07,4.771171829519555118e-05,2.967094241365655766e-07,4.938448603534672007e-06,5.774388989498897230e-06,3.382514552674052799e-06,5.031678100869010281e-06,1.124478807086133640e-05,3.946242239851477356e-06,5.040913512992515283e-06,3.252790727143496211e-06,1.110394807268373814e-02,1.897378974519081066e-04
4.457800895562983021e-08,1.665915701658891684e-07,1.361327725096628527e-01,4.110874824584547782e-01,3.736503936294537006e-05,1.185810023674509150e-07,2.344895686121050503e-05,8.696349482315200594e-08,9.022288364507764628e-06,7.931850055122980725e-06,7.682781354273888387e-06,8.581557955203101748e-06,7.532184976934072561e-06,5.704298966837055343e-06,1.844395665856194796e-05,7.511555165059281395e-06,8.740659649576185825e-03,1.294727187585626793e-03
5.109851431292374633e-08,1.950589072835930430e-07,1.562512089200687460e-01,4.711263013528210752e-01,4.299424673080190880e-05,1.369334372605123908e-07,2.696880272154730362e-05,1.007610639650161549e-07,6.322734828173132862e-06,5.045306075829771172e-06,7.044666519105556255e-06,5.681656819355084170e-06,7.879770180550144684e-06,5.112682472831384999e-06,1.899697410444877802e-05,7.057548049928246361e-06,9.892299391705093939e-03,1.490329577592749326e-03
4.458997574224046580e-08,1.666385367592604800e-07,1.361419385522635306e-01,4.110800269352073988e-01,3.736460288434502995e-05,1.185789093794215332e-07,2.344628362532252355e-05,8.696199876316890414e-08,9.028215122147277669e-06,7.908272527236949131e-06,7.694975173723486053e-06,8.602988300618231518e-06,7.500689333770911984e-06,5.687672446227597734e-06,1.850928151570267136e-05,7.523208546066364719e-06,8.738966991719556224e-03,1.294751048642560701e-03
4.706200002268376879e-08,1.824019983183029780e-07,1.455887513084827278e-01,4.386082737009782129e-01,4.049149145676272574e-05,1.275488545892451924e-07,2.527988819156455004e-05,9.353975211396996672e-08,5.558930902783811167e-06,4.617747994777342560e-06,6.132793892130777059e-06,4.943987541493906634e-06,8.165777365170500716e-06,5.032771280926630663e-06,1.703402516049558086e-05,6.004245095045071301e-06,1.635310793814758606e-02,3.332444476672390739e-03
4.469576011883276839e-08,1.659438353942059082e-07,1.361777587595171535e-01,4.112704336462281729e-01,3.727345829595998632e-05,1.179730965508592459e-07,2.326029654004829574e-05,8.619015693537851306e-08,9.058666766326884539e-06,7.947121784559513477e-06,7.744729463786008866e-06,8.588245058001162094e-06,7.493878536574550505e-06,5.720030725733205104e-06,1.863153447453931493e-05,7.567443038376868054e-06,8.718109340610517149e-03,1.291785947152957999e-03
4.753011072467272971e-08,1.798575512015066573e-07,1.452365617851252844e-01,4.386912360143208622e-01,4.015207910302543109e-05,1.266468718348519693e-07,2.505655459768618424e-05,9.302875432493303504e-08,5.588502631472552755e-06,4.620911132895212420e-06,6.218572236713912967e-06,4.959882010516899639e-06,8.208589398560221171e-06,5.069866311762054182e-06,1.692357829333189883e-05,6.087773458944010214e-06,1.629778344923938499e-02,3.321347794499979796e-03
4.753011072467275618e-08,1.798575512015068691e-07,1.452365617851255619e-01,4.386912360143196965e-01,4.015207910302552596e-05,1.266468718348518104e-07,2.505655459768614697e-05,9.302875432493327327e-08,5.588502631472540897e-06,4.620911132895199714e-06,6.218572236713893485e-06,4.959882010516896251e-06,8.208589398560211007e-06,5.069866311762062652e-06,1.692357829333188528e-05,6.087773458944020378e-06,1.629778344923941275e-02,3.321347794499987169e-03
4.336892615125584369e-08,1.712086321876760543e-07,1.386347156474694309e-01,4.312980793384782463e-01,5.778500055941196282e-05,4.068364267584675142e-07,2.955139558621111911e-05,1.794039220064019457e-07,4.031443014989824519e-06,3.645475406776418790e-06,3.994923107019742362e-06,3.756944185333359621e-06,7.627279686528258043e-06,4.475918568520008151e-06,1.530060724790207761e-05,3.940922844026801923e-06,1.475010590679042173e-02,3.220379281712766172e-03
4.786921017630375785e-08,1.818385613041745212e-07,1.518223459964159194e-01,4.594534784281645301e-01,4.071435647959547981e-05,1.328846940741153996e-07,2.460999669634067892e-05,9.649197107724674664e-08,7.122368251875017975e-06,7.475268997014183046e-06,5.306883027308615938e-06,7.389498436695761312e-06,8.840257273685650510e-06,6.287257764807177957e-06,1.825459224309576345e-05,5.233622154890316186e-06,9.576209561328695788e-03,1.441027953813640806e-03
5.210416859273491111e-08,1.895111844443142703e-07,1.588801878976695281e-01,4.663686464344622973e-01,4.248775516756110821e-05,1.353050001476403371e-07,2.639987992834716863e-05,9.944971663329928000e-08,5.986011429694491426e-06,4.955452512195325725e-06,6.751600714883892985e-06,5.279563476220597335e-06,9.455404740149127741e-06,5.340883833491000527e-06,1.985143535779505862e-05,6.631962497617848702e-06,9.665553947726002182e-03,1.590552679355011116e-03
4.482860209989089603e-08,1.650322124807220280e-07,1.361120423491049281e-01,4.111628136302240000e-01,3.726129805751560696e-05,1.179625198573127486e-07,2.310787922799917743e-05,8.608664248902686888e-08,9.065584763575263238e-06,7.962877966496500576e-06,7.772887972548841494e-06,8.567252621749590371e-06,7.541611359609852867e-06,5.758235461063612998e-06,1.849503830588518870e-05,7.595666967977133075e-06,8.706577351689505709e-03,1.291138944382235875e-03
4.706200005110650197e-08,1.824019984244101864e-07,1.455887513992503990e-01,4.386082738729237818e-01,4.049149144320858583e-05,1.275488542443411584e-07,2.527988817326873663e-05,9.353975170119032391e-08,5.558930906147554336e-06,4.617747997681015549e-06,6.132793895648295672e-06,4.943987544495406000e-06,8.165777370178710072e-06,5.032771284147473445e-06,1.703402516952335965e-05,6.004245098494945863e-06,1.635310794805044585e-02,3.332444478659585003e-03
4.817255835003614247e-08,1.763164905201292958e-07,1.450635477848327415e-01,4.379055229497638146e-01,3.999670603230639143e-05,1.261490881239965461e-07,2.485346339893006900e-05,9.208709072076379190e-08,5.606135214634472188e-06,4.640314620767739178e-06,6.281829717359642409e-06,4.948844704901205270e-06,8.225959390928461572e-06,5.143920924207374083e-06,1.703270893874579432e-05,6.149830142690047505e-06,1.618220655408918532e-02,3.302367633089903047e-03
4.949324441814465378e-08,1.895227878178524412e-07,1.520127699396726373e-01,4.578849263497227762e-01,4.201859256274807943e-05,1.333411749184971950e-07,2.665619627842328364e-05,9.872533299062788075e-08,6.577624944065068423e-06,5.112355666974454941e-06,8.046157953445322045e-06,5.623468096348040674e-06,7.707914798045656802e-06,5.233544598135664345e-06,1.859226571132872044e-05,7.863821577610843546e-06,9.564189699919524099e-03,1.444477963018680425e-03
5.871072308987728611e-08,1.311998346273904387e-07,1.819330801772372219e-01,5.437082355199545081e-01,4.929222157938769298e-05,1.594371053223085936e-07,3.083098359791911099e-05,1.181254790717175628e-07,1.360545740359938271e-05,1.200048658010907724e-05,8.082359513557121409e-06,1.235528215578464713e-05,1.020124978661719291e-05,3.563898804777768720e-06,4.370198977743736530e-06,9.981019473080411845e-06,1.150219306938001645e-02,1.840143960410117567e-04
4.949324441814468025e-08,1.895227878178524148e-07,1.520127699396731369e-01,4.578849263497231648e-01,4.201859256274805232e-05,1.333411749184970891e-07,2.665619627842327009e-05,9.872533299062765576e-08,6.577624944065068423e-06,5.112355666974455788e-06,8.046157953445315269e-06,5.623468096348040674e-06,7.707914798045656802e-06,5.233544598135658415e-06,1.859226571132873739e-05,7.863821577610850323e-06,9.564189699919513690e-03,1.444477963018680425e-03
4.231089986041476920e-08,1.648102911894141974e-07,1.349152895464250101e-01,4.183602458094997645e-01,5.589554781558431711e-05,3.960938957442089073e-07,2.881207348232626012e-05,1.748258225857807980e-07,5.787168656146849315e-06,5.723196926240933197e-06,4.637710471991783311e-06,5.809433022867165602e-06,7.142401797448349851e-06,5.043034030434856367e-06,1.707398274335535584e-05,4.574981003979975662e-06,8.452415906493919440e-03,1.281239140495410000e-03
4.246838047951031010e-08,1.634103382461642791e-07,1.349338693449745885e-01,4.182646206927043142e-01,5.591088465330776053e-05,3.961612006262917479e-07,2.899212492631407452e-05,1.748432823279188958e-07,5.880816563330781328e-06,5.824160800575547206e-06,4.618152789375011817e-06,5.992659011038289165e-06,7.114612782852391727e-06,4.911076318648612242e-06,1.650731268850699049e-05,4.555963142638256693e-06,8.486574773906586586e-03,1.283886825255773799e-03
4.822276986189409092e-08,1.858857970320638292e-07,1.527704175585727908e-01,4.627649959933330948e-01,4.102158499880678065e-05,1.338953560737625307e-07,2.479642956667861927e-05,9.724206901791328139e-08,7.207779275414178084e-06,6.952006623245583318e-06,5.592168645543520801e-06,7.520468364192731597e-06,8.248822156343964008e-06,5.554121332989470631e-06,1.869541495486136518e-05,5.596024202053129924e-06,9.665376879623979386e-03,1.456532536643344528e-03
4.457800895562977065e-08,1.665915701658896713e-07,1.361327725096631025e-01,4.110874824584541121e-01,3.736503936294539039e-05,1.185810023674508885e-07,2.344895686121056602e-05,8.696349482315209859e-08,9.022288364507747687e-06,7.931850055122990889e-06,7.682781354273893469e-06,8.581557955203125465e-06,7.532184976934063244e-06,5.704298966837037555e-06,1.844395665856197845e-05,7.511555165059283089e-06,8.740659649576159804e-03,1.294727187585623975e-03
4.851497018605396822e-08,1.872538526567455228e-07,1.534953813484299101e-01,4.683273933315867388e-01,4.160396742750288156e-05,1.348040114270973393e-07,2.487645503806756986e-05,9.785838479268964783e-08,4.583973915838527041e-06,4.124755067691104813e-06,4.538380458985715619e-06,4.281480052420114430e-06,8.729797168842218984e-06,4.949783206832530776e-06,1.654383509536183028e-05,4.486528607009465021e-06,2.199407203154554041e-02,5.164924359219494852e-03
5.144078287734412104e-08,1.200719265896118138e-07,1.641432312982821218e-01,5.051246337556357657e-01,6.546368890464810992e-05,4.050049565478612992e-07,3.839061000628221843e-05,2.592474287855797898e-07,1.009424434686767047e-05,8.800943762446717574e-06,6.862781279792740810e-06,8.817753142399891187e-06,9.028406088702221535e-06,3.135132019270246346e-06,3.996988563417442540e-06,8.244645603609807133e-06,1.027368466960376127e-02,1.714301259585346217e-04
4.957837014131805822e-08,1.893362208067401188e-07,1.520129907853266515e-01,4.565412533539397466e-01,4.216864896495692099e-05,1.337360851778964978e-07,2.663237379027982767e-05,9.887835797181067273e-08,6.564616019075511704e-06,5.093789749017836207e-06,8.034983230373800390e-06,5.624394924704845445e-06,7.735345488637161181e-06,5.238699815178830879e-06,1.851582313482364307e-05,7.856266656867768973e-06,9.568958735250382083e-03,1.447247581006212572e-03
4.338104788378829582e-08,1.716264162901668902e-07,1.387658095262541691e-01,4.296523676756709431e-01,6.076147514467823083e-05,4.085478424808523415e-07,2.941079544038259302e-05,1.714711801907035704e-07,4.020055615867550085e-06,3.638482976167134056e-06,3.982432834752225896e-06,3.746696666356894403e-06,7.656962437022141998e-06,4.475045046786620508e-06,1.533444989746838988e-05,3.928813721970809539e-06,1.476354506193760553e-02,3.228795863474943906e-03
4.822276986189398504e-08,1.858857970320641468e-07,1.527704175585725410e-01,4.627649959933326507e-01,4.102158499880680776e-05,1.338953560737623983e-07,2.479642956667859894e-05,9.724206901791330786e-08,7.207779275414172155e-06,6.952006623245579083e-06,5.592168645543532660e-06,7.520468364192751926e-06,8.248822156343955537e-06,5.554121332989457078e-06,1.869541495486141939e-05,5.596024202053146018e-06,9.665376879623988060e-03,1.456532536643342576e-03
4.899852295861148638e-08,1.839892158164068098e-07,1.492822941297882733e-01,4.496294334190702457e-01,4.133590138600957807e-05,1.310164776384251137e-07,2.649239743050866533e-05,9.725590929399675327e-08,5.778603937699533406e-06,4.736500489695861987e-06,6.459820428744359380e-06,5.089429628586486711e-06,7.349883220356203866e-06,5.029303295358881141e-06,1.837041787233190641e-05,6.356415041204182019e-06,2.093469304038213241e-02,1.738329107288755400e-03
4.511288432196520169e-08,1.617118156655487033e-07,1.358049456579762393e-01,4.089481533289549553e-01,3.682431816789017857e-05,1.177656742327889325e-07,2.269664801351208318e-05,8.559597430876866147e-08,9.163672095487775915e-06,8.010552298593736617e-06,7.937732588403630137e-06,8.591567951172052227e-06,7.586018418880043074e-06,5.817585206315684008e-06,1.826466343736985360e-05,7.750952010168645290e-06,8.682579377073108146e-03,1.287506694814192403e-03
4.512523946594586488e-08,1.617562834105839252e-07,1.358143350686759343e-01,4.089415728131882144e-01,3.682396232051306039e-05,1.177637470127386777e-07,2.269417845672070064e-05,8.559462489983931623e-08,9.169805246411054541e-06,7.986535979293578937e-06,7.950764217099243750e-06,8.613056722309114603e-06,7.554104068034587908e-06,5.800315650252898618e-06,1.832872513705322202e-05,7.763374689054939459e-06,8.680927144268924672e-03,1.287532806254922937e-03
4.753112774261486278e-08,1.797826762884049563e-07,1.451850604471666417e-01,4.388614346926144605e-01,4.007118471704193796e-05,1.266483887905551609e-07,2.522926040141214234e-05,9.307240446395600792e-08,5.580572201000625791e-06,4.619692916598033352e-06,6.207086106497908452e-06,4.950731468411655577e-06,8.197462571017759462e-06,5.076682620308477629e-06,1.698699012879354274e-05,6.077186588660902614e-06,1.628573912638393503e-02,3.318560024765343768e-03
4.342306243915765602e-08,1.709587885044647003e-07,1.387486245010653707e-01,4.294134705929967821e-01,6.085770269278950514e-05,4.084816346644178984e-07,2.948074433500553289e-05,1.715160530243890621e-07,4.041562731495346556e-06,3.657655988829811234e-06,3.985066686804350783e-06,3.775466037507133914e-06,7.635623024015665751e-06,4.436780967185308484e-06,1.517514835896582345e-05,3.931167099956321295e-06,1.479892138679598373e-02,3.227114258556807586e-03
4.706200005110654167e-08,1.824019984244099218e-07,1.455887513992500382e-01,4.386082738729236707e-01,4.049149144320857228e-05,1.275488542443412378e-07,2.527988817326873324e-05,9.353975170119028421e-08,5.558930906147550948e-06,4.617747997681011314e-06,6.132793895648289743e-06,4.943987544495397529e-06,8.165777370178710072e-06,5.032771284147486150e-06,1.703402516952334610e-05,6.004245098494945016e-06,1.635310794805047013e-02,3.332444478659599314e-03
4.753072555125045715e-08,1.799867470831602300e-07,1.453086958177222110e-01,4.380192341346136331e-01,4.035303802917401903e-05,1.271529764881969611e-07,2.568679082690124288e-05,9.429138239001204875e-08,5.532206906176589863e-06,4.599997667018299417e-06,6.127646491399834046e-06,4.909759167989588369e-06,8.163941194579109673e-06,5.075678907894073972e-06,1.714089829401618640e-05,6.001210320728487707e-06,1.629032020987300142e-02,3.317621630317772567e-03
4.512257832322594388e-08,1.620355850781632864e-07,1.358270077157973099e-01,4.091527239457923293e-01,3.698654383931607729e-05,1.177779055843545410e-07,2.276467182840960629e-05,8.563013803688903010e-08,9.165218119425823913e-06,7.987932827474981314e-06,7.916356685751164515e-06,8.635595405241692504e-06,7.550216022623428144e-06,5.788170974605088859e-06,1.829784578841513597e-05,7.729558638126722653e-06,8.679581371446193697e-03,1.288239711568093778e-03
4.749059838503692732e-08,1.798985486972563364e-07,1.451957093596520920e-01,4.383894838624541324e-01,4.016690304855750351e-05,1.266578929766339913e-07,2.538395068513080150e-05,9.309180977474995410e-08,5.566977684480228043e-06,4.614108442957399992e-06,6.189092370891815389e-06,4.937291820767780005e-06,8.187991712673427407e-06,5.080662753620631418e-06,1.706811098700158506e-05,6.059980921559124050e-06,1.628588699634722289e-02,3.319003901705530179e-03
4.820540337084195628e-08,1.732261876057463037e-07,1.450583788174190647e-01,4.375631218464405836e-01,4.005865396482515846e-05,1.265260809551405861e-07,2.488761144883995554e-05,9.277382541597275312e-08,5.611651176415104501e-06,4.636546954363988969e-06,6.314292588846710706e-06,4.949291190552843799e-06,8.273691107366073358e-06,5.170000420418719607e-06,1.689965371748589694e-05,6.178511504077226136e-06,1.608615286944044959e-02,3.293688606495961003e-03
4.457800895562979712e-08,1.665915701658896448e-07,1.361327725096631580e-01,4.110874824584542231e-01,3.736503936294532940e-05,1.185810023674508885e-07,2.344895686121060329e-05,8.696349482315209859e-08,9.022288364507764628e-06,7.931850055122979031e-06,7.682781354273881611e-06,8.581557955203091584e-06,7.532184976934072561e-06,5.704298966837039249e-06,1.844395665856197845e-05,7.511555165059274619e-06,8.740659649576180620e-03,1.294727187585626143e-03
5.115588290941362210e-08,1.957301544520155018e-07,1.577246903972621961e-01,4.715655989453653718e-01,4.343323132346108717e-05,1.358504013870973533e-07,2.698313280008490279e-05,9.994909670077179250e-08,5.925910135080675980e-06,5.006779917005664070e-06,6.469794518072631484e-06,5.252199191930041763e-06,9.441724691268060994e-06,5.274202053990060365e-06,1.982836083556210047e-05,6.354014050102651498e-06,9.827371566151316476e-03,1.620100942612407585e-03
4.510235546031466178e-08,1.717017989172760327e-07,1.383166987460371089e-01,4.279056237668351637e-01,5.824736801905386368e-05,4.036113955104838116e-07,3.221567299960880973e-05,1.805465611767573839e-07,5.176625610742731067e-06,4.269019301846064517e-06,5.663102591523547481e-06,4.625420425046143478e-06,6.828244889036754245e-06,4.526590082569667155e-06,1.664005509981512861e-05,5.568550491447435425e-06,8.717919511524943252e-03,1.317509699150190127e-03
4.888548882653025739e-08,1.870935155861554107e-07,1.503903817262023379e-01,4.525904119603383902e-01,4.167947941969326730e-05,1.322156149390024614e-07,2.617847897920491361e-05,9.705247536488554486e-08,5.809715989067538934e-06,4.759740651248221002e-06,6.435008838978342842e-06,5.142177870470338822e-06,7.393115326426835469e-06,4.961783054013849219e-06,1.801766869088324108e-05,6.326219969228674761e-06,1.574357889235019833e-02,2.273269876842655846e-03
4.753072555125041744e-08,1.799867470831600977e-07,1.453086958177220167e-01,4.380192341346138551e-01,4.035303802917398515e-05,1.271529764881967758e-07,2.568679082690130048e-05,9.429138239001219434e-08,5.532206906176585628e-06,4.599997667018299417e-06,6.127646491399821340e-06,4.909759167989590910e-06,8.163941194579107979e-06,5.075678907894068890e-06,1.714089829401622367e-05,6.001210320728496177e-06,1.629032020987298754e-02,3.317621630317779072e-03
4.706200005110643579e-08,1.824019984244097365e-07,1.455887513992503712e-01,4.386082738729241148e-01,4.049149144320860616e-05,1.275488542443411319e-07,2.527988817326871291e-05,9.353975170119023127e-08,5.558930906147539090e-06,4.617747997681018090e-06,6.132793895648297366e-06,4.943987544495410235e-06,8.165777370178715154e-06,5.032771284147478527e-06,1.703402516952337659e-05,6.004245098494947557e-06,1.635310794805047013e-02,3.332444478659588906e-03
4.507016461506147212e-08,1.711816762615452649e-07,1.379846871973337830e-01,4.291628255386670254e-01,5.621284810241423480e-05,3.419999663838805207e-07,3.350545067827252489e-05,2.175471538878584612e-07,5.156694165231902389e-06,4.247086069746223886e-06,5.649849797183880479e-06,4.611971450703125057e-06,6.835705531403624214e-06,4.521423040281279485e-06,1.662981481393364361e-05,5.555136589791176240e-06,8.700061964376887627e-03,1.315038094742026001e-03
4.955687551529223027e-08,1.956647751664097636e-07,1.578654711855099757e-01,4.797354259945078025e-01,4.259577389405909414e-05,1.383844340675533554e-07,2.552401151734682110e-05,1.005070722042157503e-07,4.868255449488588198e-06,4.302984393728127053e-06,4.815250548877706609e-06,4.604200852315376646e-06,8.933764505336519636e-06,5.037251310266617827e-06,1.701283518910876543e-05,4.799803985897655589e-06,1.701629983947875596e-02,3.700860074417047871e-03
4.813428395561432606e-08,1.858913131172380194e-07,1.527706372029432880e-01,4.627826762637550773e-01,4.102201717737422970e-05,1.338975380679427798e-07,2.479744440232115919e-05,9.724373180192885051e-08,7.207269466052209839e-06,6.952647770214819838e-06,5.588081387356649413e-06,7.526017947293638807e-06,8.245806111253689476e-06,5.553587151465660753e-06,1.874845504121309148e-05,5.599234809769273694e-06,9.660037313185555405e-03,1.455458490280187945e-03
