5.273320695586910523e-01
4.354551826319129071e-01
5.295490191878476915e-01
4.952295167576641344e-01
4.160815279134227884e-01
4.769486290674686546e-01
4.764489378075368875e-01
5.350316041997575933e-01
5.197493811717585066e-01
4.160806173936806296e-01
5.188215950689765155e-01
4.635661853005347277e-01
4.199038379106324048e-01
5.189154972532147303e-01
4.633867972473280084e-01
5.251892493356766778e-01
5.177669551419867844e-01
4.356867886987663141e-01
4.952295167576641344e-01
4.876346235871401591e-01
4.767100298979680129e-01
4.354551826319129071e-01
4.195072444585602467e-01
4.884285823311166896e-01
4.228337402120293520e-01
4.928103345947914549e-01
5.273320695586910523e-01
5.302596006235308357e-01
5.273320695586910523e-01
4.343318167580695333e-01
4.305513874046619227e-01
4.876346235871401591e-01
5.273320695586910523e-01
4.876346235871401591e-01
4.864490325846662633e-01
5.273320695586910523e-01
5.247943432998691815e-01
4.304910806735978146e-01
3.102174196079660051e-01
4.195072444585602467e-01
4.869870500342999842e-01
5.273320695586910523e-01
0.000000000000000000e+00
0.000000000000000000e+00
0.000000000000000000e+00
0.000000000000000000e+00
0.000000000000000000e+00
0.000000000000000000e+00
0.000000000000000000e+00
0.000000000000000000e+00
0.000000000000000000e+00
0.000000000000000000e+00
0.000000000000000000e+00
0.000000000000000000e+00
0.000000000000000000e+00
0.000000000000000000e+00
0.000000000000000000e+00
0.000000000000000000e+00
0.000000000000000000e+00
0.000000000000000000e+00
0.000000000000000000e+00
0.000000000000000000e+00
0.000000000000000000e+00
0.000000000000000000e+00
0.000000000000000000e+00
0.000000000000000000e+00
0.000000000000000000e+00
0.000000000000000000e+00
0.000000000000000000e+00
0.000000000000000000e+00
0.000000000000000000e+00
0.000000000000000000e+00
0.000000000000000000e+00
0.000000000000000000e+00
0.000000000000000000e+00
0.000000000000000000e+00
0.000000000000000000e+00
0.000000000000000000e+00
0.000000000000000000e+00
0.000000000000000000e+00
0.000000000000000000e+00
0.000000000000000000e+00
0.000000000000000000e+00
0.000000000000000000e+00
0.000000000000000000e+00
0.000000000000000000e+00
0.000000000000000000e+00
0.000000000000000000e+00
0.000000000000000000e+00
0.000000000000000000e+00
0.000000000000000000e+00
0.000000000000000000e+00
0.000000000000000000e+00
0.000000000000000000e+00
0.000000000000000000e+00
0.000000000000000000e+00
0.000000000000000000e+00
0.000000000000000000e+00
0.000000000000000000e+00
0.000000000000000000e+00
