2.520525130650800349e+01
2.733932059485764654e+01
2.521027449648173047e+01
2.402163738392910375e+01
2.352165506582294086e+01
2.647373016214791264e+01
2.636859452426607930e+01
2.522805250826889534e+01
2.703986652293581372e+01
2.668576233450373891e+01
2.421060207090576455e+01
2.477900084304647166e+01
2.737758589814934140e+01
2.416466256664640966e+01
2.784924990805500755e+01
2.735309055929586108e+01
2.563176207176532984e+01
2.733904414352991807e+01
2.402163738392915704e+01
2.398554614636881510e+01
2.647426849785532710e+01
2.733932059485762522e+01
2.644364014392797912e+01
2.392987292173037872e+01
2.352272712407614463e+01
2.619013363052195587e+01
2.520525130650799639e+01
2.705400208314418720e+01
2.520525130650799994e+01
2.733664624723294878e+01
2.351665623070615041e+01
2.398554614636880444e+01
2.520525130650798218e+01
2.398554614636878313e+01
2.398533651658101107e+01
2.520525130650802481e+01
2.709627071488618100e+01
2.351662897488188975e+01
3.235348191208776569e+01
0.000000000000000000e+00
0.000000000000000000e+00
0.000000000000000000e+00
0.000000000000000000e+00
0.000000000000000000e+00
0.000000000000000000e+00
0.000000000000000000e+00
0.000000000000000000e+00
0.000000000000000000e+00
0.000000000000000000e+00
0.000000000000000000e+00
0.000000000000000000e+00
0.000000000000000000e+00
0.000000000000000000e+00
0.000000000000000000e+00
0.000000000000000000e+00
0.000000000000000000e+00
0.000000000000000000e+00
0.000000000000000000e+00
0.000000000000000000e+00
0.000000000000000000e+00
0.000000000000000000e+00
0.000000000000000000e+00
0.000000000000000000e+00
0.000000000000000000e+00
0.000000000000000000e+00
0.000000000000000000e+00
0.000000000000000000e+00
0.000000000000000000e+00
0.000000000000000000e+00
0.000000000000000000e+00
0.000000000000000000e+00
0.000000000000000000e+00
0.000000000000000000e+00
0.000000000000000000e+00
0.000000000000000000e+00
0.000000000000000000e+00
0.000000000000000000e+00
0.000000000000000000e+00
0.000000000000000000e+00
0.000000000000000000e+00
0.000000000000000000e+00
0.000000000000000000e+00
0.000000000000000000e+00
0.000000000000000000e+00
0.000000000000000000e+00
0.000000000000000000e+00
0.000000000000000000e+00
0.000000000000000000e+00
0.000000000000000000e+00
0.000000000000000000e+00
0.000000000000000000e+00
0.000000000000000000e+00
0.000000000000000000e+00
0.000000000000000000e+00
0.000000000000000000e+00
0.000000000000000000e+00
0.000000000000000000e+00
0.000000000000000000e+00
0.000000000000000000e+00
0.000000000000000000e+00
