0.904762
0.900000
0.900000
0.901190
0.895238
0.902381
0.905442
0.904167
0.900000
0.901905
0.900000
0.897619
0.898168
0.898980
0.899365
0.900595
0.900000
0.900529
0.901253
0.900476
0.898866
0.898052
0.897930
0.898810
0.900000
0.899634
0.899824
0.900510
0.900000
0.900000
0.900461
0.899554
0.899423
0.899300
0.899184
0.899868
0.900257
0.900000
0.900122
0.899524
0.899187
0.899093
0.899003
0.898485
0.899048
0.899275
0.898886
0.899802
0.900000
0.900000
0.899907
0.899725
0.899820
0.900000
0.900173
0.900340
0.900084
0.900164
0.900726
0.900476
0.900859
0.900998
0.900907
0.900744
0.900440
0.900433
0.900498
0.900280
0.900069
0.900544
0.900402
0.900661
0.900587
0.900772
0.900952
0.900689
0.900186
0.900488
0.900241
0.900417
0.900235
0.900581
0.900459
0.900340
0.900280
0.900831
0.901040
0.900703
0.900428
0.900688
0.900733
0.900725
0.900512
0.900760
0.900952
0.901290
0.901129
0.900826
0.900673
0.900714
0.900943
0.900840
0.900693
0.900733
0.900680
0.900719
0.900668
0.900617
0.900612
0.900693
0.900429
0.900553
0.900885
0.901003
0.900704
0.900944
0.900977
0.900767
0.900640
0.900873
0.900866
0.900742
0.900542
0.900730
0.900762
0.900869
0.900600
0.900781
0.900849
0.900916
0.900872
0.900938
0.901146
0.901066
0.900847
0.900700
0.900799
0.900932
0.900891
0.900850
0.900912
0.900872
0.900766
0.900761
0.900755
0.900685
0.900648
0.900837
0.900927
0.900857
0.901072
0.901222
0.901214
0.901144
0.901198
0.901190
0.900880
0.900904
0.900898
0.900774
0.900887
0.900941
0.900789
0.900900
0.900808
0.900803
0.900969
0.900935
0.900845
0.900756
0.900808
0.900581
0.900633
0.900547
0.900626
0.900676
0.900726
0.900696
0.900745
0.900688
0.900631
0.900628
0.900651
0.900776
0.900618
0.900691
0.900560
0.900659
0.900806
0.900702
0.900848
0.900918
0.901012
0.900957
0.900781
0.900850
0.900967
0.900866
0.900766
0.900833
0.900924
0.900990
0.901103
0.901120
0.901045
0.900971
0.901081
0.901076
0.901003
0.900907
0.901106
0.901101
0.901051
0.901179
0.901085
0.900970
0.900922
0.900961
0.900913
0.901017
0.901185
0.901137
0.901196
0.901190
0.901122
0.901117
0.901217
0.901190
0.900977
0.900952
0.900948
0.900903
0.900838
0.900855
0.900973
0.901009
0.901145
0.900960
0.900936
0.900933
0.900830
0.900866
0.900941
0.900937
0.900855
0.900890
0.900925
0.900960
0.900880
0.900971
0.900968
0.900964
0.900922
0.900881
0.900915
0.901060
0.901019
0.900960
0.901103
0.901136
0.901186
0.901181
0.901231
0.901317
0.901402
0.901343
0.901409
0.901297
0.901151
0.901164
0.901107
0.901085
0.901012
0.901112
0.901177
0.901052
0.901066
0.901165
0.901126
0.901173
0.901186
0.901114
0.900959
0.901157
0.901186
0.901215
0.901161
0.901141
0.901252
0.901297
0.901391
0.901190
0.901073
0.901037
0.901098
0.901030
0.901058
0.901039
0.901147
