0.533333
0.530952
0.531746
0.529762
0.534286
0.534921
0.529932
0.530952
0.526984
0.529048
0.528139
0.527778
0.527839
0.528231
0.526667
0.525595
0.528011
0.529101
0.529073
0.529286
0.527891
0.530303
0.529193
0.529167
0.528762
0.529487
0.529453
0.530612
0.530542
0.528571
0.528111
0.529167
0.529293
0.529132
0.530068
0.528836
0.528829
0.528070
0.528449
0.528810
0.528804
0.528571
0.528239
0.529329
0.529206
0.528675
0.529078
0.529365
0.529349
0.528571
0.528852
0.529121
0.529290
0.528042
0.528745
0.528571
0.528404
0.528571
0.528814
0.528968
0.529040
0.528879
0.528874
0.529390
0.529524
0.529293
0.529069
0.528501
0.529055
0.528980
0.529108
0.529034
0.529159
0.528958
0.529016
0.529010
0.529128
0.528510
0.528873
0.529286
0.529394
0.528804
0.528744
0.528855
0.528852
0.528627
0.529119
0.528896
0.529213
0.528995
0.528781
0.528882
0.528981
0.528875
0.529323
0.529018
0.529062
0.529300
0.529197
0.529143
0.529184
0.529365
0.529172
0.529075
0.528889
0.528931
0.529328
0.529321
0.529401
0.529221
0.529601
0.529549
0.529372
0.528947
0.529068
0.529146
0.529101
0.528975
0.528932
0.529246
0.529359
0.529391
0.529733
0.529570
0.529600
0.529478
0.529246
0.529204
0.529236
0.529341
0.529153
0.529221
0.529431
0.529495
0.529312
0.529377
0.529128
0.529227
0.529120
0.529490
0.529652
0.529745
0.529837
0.529597
0.529458
0.529517
0.529511
0.529569
0.529562
0.529492
0.529770
0.529825
0.529754
0.529746
0.529677
0.529609
0.529603
0.529596
0.529620
0.529673
0.529814
0.529630
0.529740
0.529733
0.529697
0.529633
0.529484
0.529507
0.529727
0.529804
0.529852
0.529707
0.529700
0.529830
0.529850
0.529897
0.529836
0.529963
0.529981
0.530053
0.530018
0.529958
0.529925
0.529865
0.529781
0.529698
0.529870
0.529939
0.529882
0.529950
0.529993
0.530134
0.530002
0.529897
0.529695
0.529543
0.529683
0.529726
0.529816
0.529786
0.529780
0.529844
0.529815
0.529855
0.529849
0.529797
0.529676
0.529693
0.529528
0.529660
0.529745
0.529739
0.529801
0.529684
0.529524
0.529365
0.529230
0.529554
0.529485
0.529567
0.529541
0.529558
0.529596
0.529634
0.529651
0.529709
0.529599
0.529449
0.529403
0.529565
0.529499
0.529536
0.529471
0.529467
0.529463
0.529560
0.529656
0.529612
0.529568
0.529524
0.529421
0.529260
0.529120
0.529137
0.529407
0.529423
0.529478
0.529493
0.529566
0.529543
0.529539
0.529630
0.529757
0.529771
0.529617
0.529464
0.529442
0.529550
0.529527
0.529597
0.529557
0.529589
0.529603
0.529708
0.529739
0.529753
0.529820
0.529797
0.529740
0.529683
0.529714
0.529692
0.529740
0.529666
0.529610
0.529589
0.529603
0.529565
0.529647
0.529660
0.529605
0.529500
0.529413
0.529544
0.529624
0.529504
0.529584
0.529580
0.529593
0.529606
0.529553
0.529468
0.529498
0.529527
0.529572
0.529665
0.529710
0.529706
0.529766
