0.880952
0.880952
0.865079
0.860714
0.856190
0.857937
0.861905
0.861905
0.861905
0.860000
0.858009
0.859524
0.858974
0.857823
0.859365
0.859821
0.859384
0.858730
0.860401
0.860476
0.860317
0.860173
0.861077
0.861508
0.861143
0.861905
0.860847
0.861565
0.860920
0.861111
0.860676
0.860268
0.859596
0.859664
0.859320
0.858466
0.857658
0.858396
0.859219
0.860238
0.859233
0.859524
0.860022
0.860065
0.860212
0.859938
0.860081
0.860020
0.860350
0.860095
0.860411
0.860348
0.860737
0.860317
0.860519
0.860544
0.860234
0.860181
0.860613
0.860238
0.860734
0.860906
0.861149
0.861235
0.860659
0.860967
0.860341
0.860364
0.860179
0.860204
0.860161
0.860384
0.860535
0.860682
0.860571
0.860652
0.860606
0.860134
0.860157
0.860357
0.860435
0.860511
0.860757
0.860147
0.860168
0.860188
0.860372
0.860444
0.860674
0.860688
0.860911
0.860921
0.860829
0.860689
0.860952
0.861012
0.860972
0.860982
0.860895
0.860667
0.860585
0.860784
0.860749
0.860577
0.860771
0.860647
0.860837
0.860847
0.860725
0.860736
0.860704
0.861012
0.860641
0.860735
0.860828
0.861002
0.860806
0.860815
0.860664
0.860794
0.860921
0.860851
0.860821
0.860599
0.860724
0.860809
0.860855
0.860938
0.860871
0.860733
0.860669
0.860786
0.860866
0.860661
0.860776
0.860714
0.860897
0.860973
0.860877
0.860680
0.860757
0.860731
0.860573
0.860450
0.860460
0.860176
0.860253
0.860457
0.860626
0.860508
0.860486
0.860683
0.860753
0.860853
0.860952
0.860836
0.860692
0.860609
0.860467
0.860536
0.860603
0.860611
0.860298
0.860424
0.860519
0.860671
0.860821
0.860714
0.860665
0.860532
0.860652
0.860576
0.860446
0.860509
0.860435
0.860200
0.860317
0.860407
0.860654
0.860582
0.860510
0.860492
0.860343
0.860455
0.860335
0.860471
0.860504
0.860436
0.860695
0.860702
0.860883
0.860888
0.860794
0.860825
0.860952
0.860739
0.860599
0.860702
0.860732
0.860738
0.860791
0.860844
0.860826
0.860831
0.860859
0.860841
0.860824
0.860829
0.861016
0.860771
0.860889
0.860961
0.860966
0.861126
0.861174
0.861243
0.861203
0.861009
0.860818
0.860823
0.860871
0.860875
0.860624
0.860693
0.860783
0.860936
0.860982
0.860944
0.860948
0.860828
0.860915
0.860981
0.861046
0.860847
0.860750
0.860734
0.860920
0.860884
0.860869
0.860813
0.860660
0.860665
0.860768
0.860890
0.860914
0.860937
0.861018
0.861098
0.860929
0.860819
0.860766
0.860828
0.860757
0.860817
0.860784
0.860789
0.860719
0.860724
0.860820
0.860806
0.860828
0.860869
0.860837
0.860768
0.860773
0.860741
0.860674
0.860697
0.860736
0.860741
0.860780
0.860697
0.860841
0.860827
0.860918
0.860870
0.860719
0.860689
0.860710
0.860731
0.860803
0.860858
0.860895
0.860815
0.860802
0.860756
0.860793
0.860780
0.860801
0.860739
0.860661
0.860584
0.860686
0.860609
0.860726
0.860843
0.860911
0.860882
0.860774
